[[ 990   29    5   36    5    0   38   21    0    9   19    5    8    2    16    1    4    3   23    6   34    9   55   43    5]
 [   4  552   17   52   14    0   15    0    0    0   10   10    0    0     6    0    0    0    1    1   14    2    3   36    0]
 [   5   17 1300  115   23    1    0    0    0    1    1    7    0    0     0    0    1    0    1    1    2    1    0  184    0]
 [   0    1    4  936   13    0    3   10    0    0    7    0    0    0     2    0    0    0    1    0    0    2    3   49    0]
 [   0    4    8  134  848    1   11    0    0    0    0    2    0    0     0    0    0    0    0    3    0    5    0   99    0]
 [   0    0    2   35   26  450   77    0    0    1   20    1    0    0     0    0    1    0    1    6    0    1    1   23    0]
 [   2    2    4   30    4    1  688   16    0   23   35    0    3    0     1    0    1    4    2    2    1    3    3   49    1]
 [   0    0    0   18    2    0    8  817    5    2   27    0   10    0     0    0    1   11    5    5    0    0    9    5    0]
 [   9    1    3    1    3    0    3    1  396    2    8    0    0    0     2    0    6    0   51    9    8    1    5    4    1]
 [   1    0    0    5    3    0   17   13    2  494   26    0   12    0    27    0    0    6   10    0    0    0    1   23    0]
 [   1    0    0    7    0    0    7    4    0    3  623    0    5    2     1    0    0    1    7   14    1    0   11   19    0]
 [   1   33    2   21   13    0    2    0    0    0   16  553    0    3     4    6    4    1    4    4   65    1    0   31    0]
 [   1    0    0    8    0    0    5    7    0    6   49    0  929    4     2    0    0   16    1    4    0    1    4    8    0]
 [   2    2    2    8    0    0   12    6    0   10   44    0   78  761    67    1    2    6    3   22    0    1   17  101    2]
 [   0    1    0    0    0    0    7    6    0    2   17    0   17    7   577    0    0    2    2    4    0    1    6   30    3]
 [   3    4    1    6    7    0    2    0    0    0    3    3    1    1     5  421    6    1    4    7    6    9    0   31    0]
 [  11    6    4   31   33    3    5    0    5    7   35    9    1    0     7    5 1367    0   38    7   51   19    5  212    2]
 [   2    1    0    8    0    0    4   67    1    1   26    0   81    7     5    0    0 1032    7   22    0    0   25   17    0]
 [   5    0    0    1    0    0    3    0    0    0    3    0    0    0     1    6    6    0 1068   10    7    0    0   11    0]
 [   0    0    0   11    0    0    4    5    0    0  138    0    8    3     2    1    4    4    5  612    0    6   16   39    0]
 [  11   16    7   28   12    0    2    3    0    3    5   10    2    0     1    8   19    1    3   10 1275    3    3  151    0]
 [   3    3    0    9    1    0    7    4    1    1   10    0    2    0    14    3    3    0    2   12    6  870    1   38    0]
 [   5    0    0    4    0    1    4    5    0    1    9    0    5    0     0    0    1    0    1   10    0    0  985   12    4]
 [   0    0    0   19    3    0    3    0    0    0    1    0    0    1     2    0    0    0    0    0    1    1    1 1323    3]
 [   1    0    0    2    0    0    5    3    0    1   20    0   21    0    38    0    0    1    5   10    0    1   19   99  256]]
              precision    recall  f1-score   support

  blackboard      0.937     0.725     0.817      1366
        book      0.821     0.749     0.784       737
   classroom      0.957     0.783     0.861      1660
     college      0.614     0.908     0.732      1031
   education      0.840     0.761     0.798      1115
      eraser      0.985     0.698     0.817       645
        exam      0.738     0.786     0.761       875
        fail      0.827     0.883     0.854       925
        file      0.966     0.770     0.857       514
    memorize      0.871     0.772     0.819       640
        name      0.541     0.882     0.671       706
       paper      0.922     0.724     0.811       764
        pass      0.785     0.889     0.834      1045
         pen      0.962     0.663     0.785      1147
      pencil      0.740     0.846     0.789       682
     picture      0.931     0.808     0.865       521
   principal      0.959     0.734     0.831      1863
      result      0.948     0.790     0.862      1306
       scale      0.858     0.953     0.903      1121
    sentence      0.784     0.713     0.747       858
     student      0.867     0.811     0.838      1573
     teacher      0.928     0.879     0.903       990
       title      0.840     0.941     0.887      1047
  university      0.502     0.974     0.662      1358
        word      0.924     0.531     0.675       482

    accuracy                          0.806     24971
   macro avg      0.842     0.799     0.807     24971
weighted avg      0.844     0.806     0.811     24971