[[1250    1    5    3    0    4    2    6    2    1    0    4    4   29     1    3    1    1   14    3   18    0   14    0    0]
 [  69  517   22   30    5    5    4    0    0    0    6   48    1    8     0    2    0    0    0    1   14    1    0    3    1]
 [   2    4 1546   41   11    5    3    0    0    0    1   29    0    2     0    3    2    0    0    0    5    0    0    4    2]
 [   8    7   13  924   11    6   12    2    0    0   14    6    4   10     0    0    1    0    0    0    7    1    1    2    2]
 [   2    2   31  102  898   13   14    0    0    0    0   29    1    3     0    3    3    0    1    3    4    0    0    6    0]
 [   6    0    0    7    0  561   44    0    0    1    2    4    1    9     0    1    3    0    2    2    2    0    0    0    0]
 [   8    1    5    8    1   29  763    0    0   10    7   16    0   15     0    1    1    0    5    2    0    0    1    1    1]
 [   4    0    0   13    0    0   14  792    0    6   31    0   13   11     0    0    0   23    3    5    0    0   10    0    0]
 [   6    0    7    0    0    0    3   14  189    0    9    5    0   14     1    0    8    0  215   22    8    3    8    2    0]
 [  11    0    0    0    0    0   46    5    0  506   17    0   17   18     3    0    0    1   10    0    0    0    1    4    1]
 [   4    0    0    4    0    0    1    1    2    0  613    7    3   17     0    1    1    0   10   33    0    1    7    0    1]
 [   4    8    1    5    1    0    0    0    0    0    2  706    0    2     0    4    3    0    2    1   24    0    0    1    0]
 [   5    0    0    3    0    0    6    0    0    2   25    3  919   62     0    0    0    7    1    7    0    0    3    0    2]
 [   2    0    0    0    0    0    3    0    0    0    7    0    4 1117     3    0    1    0    8    1    0    0    0    0    1]
 [  11    0    0    1    0    0    9    0    0    0   17    8   11  186   401    1    0    0    6    2    1    2    7    0   19]
 [  20    0    1    1    0    0    0    0    0    0    0   10    0    2     1  461    3    0    6    0   13    2    0    1    0]
 [  28    1    9   15   10    2    5    0    3    0    5   71    0   10     2   10 1459    0   58    4  143    8    1   17    2]
 [  11    0    0    3    0    0    4   21    0    0   17    2   55   76     1    0    0 1068   11    7    0    1   25    0    4]
 [  12    0    0    1    0    0    0    0    0    0    2    1    1    3     0    1    2    0 1083    2   12    0    1    0    0]
 [   2    0    0    3    0    0    1    2    0    0   76    6    1   83     0    3    0    3   14  641    2    1   17    0    3]
 [  14    3    7    7    0    0    1    0    0    0    0   28    0    1     0    7    7    0    5    2 1487    2    0    2    0]
 [  21    0    1    6    0    4    4    0    0    0    6   20    2   16     1    9    2    2    5    7   16  864    1    3    0]
 [   8    0    1    1    0    0    7    0    0    0    5    1    0    5     0    0    0    2    4   15    2    4  987    2    3]
 [  17    1    2   29    6    0   12    0    0    1   13   25    1   15     1    4    8    0    4    0   18    4    1 1173   23]
 [   9    0    0    1    0    0    6    0    0    0   11    1    0   26     1    0    0    0   10    2    0    0    1    0  414]]

 
              precision    recall  f1-score   support

  blackboard      0.815     0.915     0.862      1366
        book      0.949     0.701     0.807       737
   classroom      0.936     0.931     0.934      1660
     college      0.765     0.896     0.825      1031
   education      0.952     0.805     0.873      1115
      eraser      0.892     0.870     0.881       645
        exam      0.791     0.872     0.830       875
        fail      0.940     0.856     0.896       925
        file      0.964     0.368     0.532       514
    memorize      0.960     0.791     0.867       640
        name      0.692     0.868     0.770       706
       paper      0.685     0.924     0.787       764
        pass      0.885     0.879     0.882      1045
         pen      0.642     0.974     0.774      1147
      pencil      0.964     0.588     0.730       682
     picture      0.897     0.885     0.891       521
   principal      0.969     0.783     0.866      1863
      result      0.965     0.818     0.885      1306
       scale      0.733     0.966     0.834      1121
    sentence      0.841     0.747     0.791       858
     student      0.837     0.945     0.888      1573
     teacher      0.966     0.873     0.917       990
       title      0.909     0.943     0.925      1047
  university      0.961     0.864     0.910      1358
        word      0.864     0.859     0.862       482

    accuracy                          0.855     24971
   macro avg      0.871     0.837     0.841     24971
weighted avg      0.874     0.855     0.854     24971