[[ 767   63   16    9    8    2   10   16    0   71   12    4   19  110     1   56   29   11   16    8   26   26   71   15    0]
 [   1  588   52   31    4    1    5    0    0    0    6   14    0   16     0    1    2    0    0    5    2    3    2    4    0]
 [   2    8 1524   54   10    5    3    2    0    2    0    1    0    5     0    0    2    5    0    4    8    0    1   24    0]
 [   2    4   34  886   12    1    2    8    0    6    5    1    3   16     0    2    2    6    3    1    1    1   10   25    0]
 [   0    8   97   92  828    2   12    1    0    0    0    1    0    3     0    0    9    0    1    7    0    5    1   48    0]
 [   0    4   15    3   27  477   47    4    0    5    5    1    2   25     0    0    1    0    2   13    1    9    2    2    0]
 [   2    4   16    9    3    7  572   20    0   88    8    0    8   48     0    1    3   13    2   20    3   14   15   19    0]
 [   0    0    0    9    0    0    5  728    0   22   27    0   14   13     0    0    1   80    2    9    0    0   15    0    0]
 [   4    1    3    0    6    0    7    7    0    2   63    0    0   13     1    0  150   22  112   79    6    6   18   14    0]
 [   0    0    0    1    1    0    1    2    0  584    2    0    5   31     0    0    0    5    0    1    0    0    0    7    0]
 [   0    1    1   16    1    0    3    3    0   14  507    1   18   50     0    0    6    7    2   38    1    4   29    3    1]
 [   0   28   40   27    3    1    0    0    0    1    3  592    2    8     0    0   14    1    5    7   18    6    5    3    0]
 [   0    0    0    3    0    0    2    6    0   32    8    2  851   73     0    0    4   34    2   16    0    2   10    0    0]
 [   0    0    0    1    0    0    0    0    0   13    0    0    7 1095     3    3    0   12    3    3    0    1    2    4    0]
 [   0    0    1    2    0    0    1    4    0   37    4    0   12  393   177    0    0    5   10    4    0    8   15    9    0]
 [   3   11   16    3    4    1    0    0    0    3    0    1    0    8     1  364   40    1    2   18   14   22    2    7    0]
 [   2    6   33    6   13    3    0    2    0   10    4   15    1   19     3    4 1547    1   17   20   70   19   17   51    0]
 [   1    0    0    0    1    0    0   14    0   11    3    0   64   38     2    0    1 1120    2   14    0    0   28    7    0]
 [   0    0    0    0    0    0    1    0    0    1    3    0    0    2     0   13   21    0 1049    7    8    0   10    6    0]
 [   3    0    0    4    5    0    0    1    0    3   58    0    4   86     0    1    1   15    6  619    8    8   27    9    0]
 [   2   23   50   10    7    0    3    2    0    2    7   35    1    7     0    7   72    0    3    2 1275   15    4   46    0]
 [   0    4    1    1    0    1    3    0    0    3    5    1    0    4     0    2    5    0    1    3    7  943    4    2    0]
 [   0    1    1    0    0    0    2    0    0    4    6    1    0    7     1    0    2    2    4   14    4    0  998    0    0]
 [   0    1    3    9    2    1    6    1    0    2    1    4    0   21     0    1   14    3    0    7   10    8   18 1246    0]
 [   0    0    4    1    0    0    2    5    0   18   30    0   21  186     4    0    1   18   11   22    0   12   26   51   70]]

              precision    recall  f1-score   support

  blackboard      0.972     0.561     0.712      1366
        book      0.779     0.798     0.788       737
   classroom      0.799     0.918     0.854      1660
     college      0.753     0.859     0.803      1031
   education      0.886     0.743     0.808      1115
      eraser      0.950     0.740     0.832       645
        exam      0.833     0.654     0.732       875
        fail      0.881     0.787     0.832       925
        file      0.000     0.000     0.000       514
    memorize      0.625     0.912     0.742       640
        name      0.661     0.718     0.688       706
       paper      0.878     0.775     0.823       764
        pass      0.825     0.814     0.819      1045
         pen      0.481     0.955     0.640      1147
      pencil      0.917     0.260     0.405       682
     picture      0.800     0.699     0.746       521
   principal      0.803     0.830     0.816      1863
      result      0.823     0.858     0.840      1306
       scale      0.836     0.936     0.883      1121
    sentence      0.658     0.721     0.688       858
     student      0.872     0.811     0.840      1573
     teacher      0.848     0.953     0.897       990
       title      0.750     0.953     0.840      1047
  university      0.778     0.918     0.842      1358
        word      0.986     0.145     0.253       482

    accuracy                          0.777     24971
   macro avg      0.776     0.733     0.725     24971
weighted avg      0.791     0.777     0.763     24971